C = [
-4.693973 -5.099989 -4.660652
-4.004882 -4.410334 -4.075856
-3.800681 -4.106540 -3.763283
-3.589544 -3.820399 -3.425941
-3.330856 -3.657303 -3.284833
-3.136307 -3.509381 -3.163007
-3.040891 -3.412592 -3.103221
-2.944676 -3.321437 -3.006892
-2.847455 -3.210024 -2.906639
-2.777745 -3.085948 -2.794047
-2.713474 -2.964445 -2.697162
-2.666512 -2.871546 -2.600467
-2.617725 -2.791327 -2.507971
-2.579054 -2.710355 -2.408343
-2.533444 -2.625695 -2.320045
-2.492431 -2.539565 -2.227970
-2.444441 -2.485712 -2.161262
-2.400059 -2.460393 -2.134873
-2.345172 -2.435598 -2.117562
-2.271319 -2.403859 -2.081608
-2.185871 -2.363287 -2.056004
-2.117170 -2.316689 -2.021781
-2.083653 -2.284029 -1.990586
-2.066076 -2.246432 -1.957692
-2.038799 -2.210027 -1.925233
-2.004565 -2.162893 -1.891272
-1.963469 -2.115537 -1.842497
-1.920430 -2.072005 -1.802522
-1.885868 -2.034578 -1.764105
-1.845330 -1.995556 -1.725024
-1.805600 -1.948177 -1.693895
-1.768566 -1.914909 -1.666434
-1.740466 -1.882104 -1.628511
-1.712597 -1.847432 -1.603607
-1.691126 -1.807855 -1.579131
-1.669085 -1.783295 -1.549478
-1.644915 -1.748687 -1.525578
-1.629714 -1.715680 -1.493659
-1.612416 -1.697319 -1.461017
-1.588450 -1.675888 -1.431332
-1.569932 -1.653732 -1.407419
-1.555468 -1.632670 -1.375214
-1.538363 -1.603219 -1.347147
-1.527938 -1.571033 -1.318839
-1.504699 -1.539662 -1.287485
-1.489006 -1.518158 -1.263604
-1.471625 -1.487765 -1.235992
-1.454519 -1.460777 -1.211776
-1.434717 -1.437561 -1.189228
-1.416186 -1.402551 -1.172928
-1.396541 -1.376434 -1.147183
-1.379907 -1.358085 -1.148232
-1.357887 -1.331300 -1.124295
-1.334474 -1.313610 -1.104236
-1.307189 -1.292396 -1.089989
-1.282608 -1.265074 -1.075111
-1.263819 -1.236390 -1.048181
-1.239959 -1.213453 -1.031714
-1.213159 -1.188646 -1.016364
-1.191571 -1.165761 -1.007408
-1.161062 -1.146755 -0.991602
-1.134320 -1.128044 -0.972650
-1.098798 -1.117936 -0.966791
-1.077681 -1.107894 -0.948063
-1.060539 -1.107676 -0.933412
-1.036647 -1.089659 -0.917187
-1.017335 -1.072036 -0.905355
-1.001054 -1.056919 -0.893487
-0.983347 -1.038479 -0.879625
-0.980312 -1.012936 -0.863543
-0.963439 -0.983807 -0.837013
-0.955584 -0.963879 -0.828230
-0.931287 -0.936724 -0.810125
-0.918374 -0.914847 -0.788433
-0.930010 -0.893714 -0.778073
-0.912392 -0.871269 -0.767414
-0.892245 -0.851036 -0.749670
-0.868074 -0.831420 -0.731644
-0.851696 -0.810833 -0.716036
-0.822448 -0.790140 -0.710496
-0.798020 -0.773169 -0.693224
-0.768464 -0.748782 -0.676737
-0.748553 -0.729668 -0.667403
-0.717392 -0.708132 -0.648149
-0.695761 -0.693685 -0.634040
-0.678828 -0.677786 -0.619040
-0.659058 -0.662663 -0.602345
-0.635353 -0.647817 -0.589830
-0.618935 -0.630500 -0.577880
-0.601175 -0.623817 -0.569435
-0.583061 -0.611194 -0.555725
-0.566046 -0.588445 -0.548526
-0.548035 -0.575308 -0.533991
-0.533137 -0.572710 -0.518872
-0.518573 -0.566419 -0.505068
-0.508179 -0.537445 -0.491738
-0.499062 -0.522050 -0.478555
-0.491907 -0.504117 -0.458155
-0.481029 -0.483181 -0.437377
-0.473077 -0.462768 -0.409422
-0.467691 -0.444217 -0.393147
-0.449260 -0.427561 -0.366541
-0.426738 -0.421096 -0.344062
-0.414477 -0.403124 -0.315995
-0.398839 -0.380627 -0.296810
-0.375233 -0.365429 -0.283977
-0.362750 -0.349862 -0.266882
-0.341535 -0.332753 -0.244888
-0.324314 -0.318080 -0.235896
-0.310154 -0.300671 -0.219623
-0.277639 -0.284889 -0.205939
-0.251913 -0.262684 -0.192338
-0.234572 -0.249753 -0.183383
-0.213497 -0.228253 -0.169306
-0.191672 -0.210163 -0.157078
-0.183286 -0.189229 -0.146390
-0.162352 -0.180340 -0.132815
-0.147427 -0.162170 -0.124197
-0.138729 -0.145519 -0.109436
-0.124830 -0.131673 -0.100913
-0.114652 -0.118093 -0.087897
-0.099333 -0.105317 -0.075503
-0.080445 -0.087568 -0.065133
-0.075941 -0.071330 -0.055034
-0.056154 -0.061680 -0.040319
-0.042079 -0.044455 -0.034337
-0.028603 -0.028986 -0.020242
-0.012541 -0.017097 -0.010401
0.000000 0.000000 0.000000
0.018202 0.009300 0.010568
0.035811 0.017606 0.024354
0.046841 0.033422 0.036689
0.067781 0.046329 0.048266
0.071584 0.060160 0.060118
0.088026 0.071505 0.077924
0.103142 0.066739 0.087280
0.106712 0.071661 0.102358
0.115432 0.091533 0.112866
0.119406 0.116891 0.124948
0.126724 0.135674 0.137670
0.131716 0.153881 0.156297
0.136708 0.172945 0.172750
0.140633 0.195007 0.198188
0.147903 0.208872 0.224340
0.156552 0.233400 0.250926
0.168613 0.255903 0.273960
0.180565 0.273303 0.302083
0.195002 0.290849 0.329968
0.219278 0.314215 0.353306
0.246493 0.327607 0.370370
0.270363 0.339071 0.398083
0.295432 0.359303 0.418332
0.314507 0.377275 0.435274
0.344532 0.397023 0.446645
0.374749 0.413300 0.477346
0.394262 0.429932 0.490395
0.444353 0.446369 0.517462
0.477705 0.467600 0.534854
0.511833 0.491287 0.550021
0.526010 0.511504 0.580811
0.550298 0.529653 0.598330
0.576401 0.558149 0.618632
0.601248 0.579998 0.631985
0.608119 0.602533 0.646370
0.622963 0.620253 0.671558
0.634182 0.630987 0.687944
0.645088 0.646512 0.707887
0.648675 0.667150 0.726266
0.659685 0.691605 0.748901
0.671009 0.705451 0.768669
0.671129 0.723878 0.783339
0.683066 0.748076 0.801582
0.691967 0.762479 0.826782
0.706014 0.793127 0.848853
0.720344 0.814863 0.869095
0.739097 0.847772 0.902601
0.763675 0.880507 0.932019
0.797297 0.899870 0.955587
0.821944 0.913440 0.967425
0.845839 0.925537 0.987167
0.869046 0.940180 1.002770
0.884544 0.950819 1.028702
0.904113 0.964658 1.041741
0.906844 0.989245 1.051474
0.921639 1.009545 1.059443
0.937531 1.027728 1.082955
0.952748 1.050298 1.092313
0.978125 1.075365 1.103592
0.989602 1.096349 1.116088
1.003726 1.112277 1.118612
1.025563 1.128062 1.125103
1.049310 1.155470 1.140717
1.070909 1.168418 1.152065
1.087614 1.187994 1.176472
1.110111 1.206035 1.191992
1.131155 1.223409 1.210754
1.150134 1.234548 1.218663
1.175960 1.253853 1.235715
1.205781 1.270565 1.255923
1.237908 1.283093 1.272004
1.251506 1.308739 1.284533
1.278896 1.316180 1.301901
1.298906 1.333672 1.319978
1.324179 1.347965 1.330048
1.341145 1.367788 1.338397
1.349754 1.383190 1.354164
1.359873 1.382921 1.370227
1.350010 1.385064 1.391227
1.347812 1.391124 1.400752
1.351514 1.398719 1.417817
1.352847 1.409169 1.430463
1.357635 1.412767 1.443024
1.368796 1.414405 1.450835
1.389032 1.422374 1.464855
1.402553 1.449398 1.480459
1.422153 1.469843 1.507044
1.428684 1.486114 1.524274
1.462523 1.503269 1.530209
1.477113 1.520091 1.533683
1.501692 1.546449 1.536249
1.519779 1.568429 1.554856
1.544366 1.594187 1.581171
1.561042 1.619912 1.582076
1.604163 1.636804 1.596702
1.617433 1.660740 1.601195
1.616617 1.683526 1.602508
1.624732 1.704263 1.637272
1.635369 1.724738 1.672012
1.644814 1.743321 1.681513
1.673823 1.754116 1.706367
1.689137 1.775465 1.723381
1.716603 1.799798 1.753055
1.735717 1.817979 1.790457
1.751717 1.837399 1.817912
1.777448 1.853164 1.832280
1.801910 1.878434 1.872090
1.820482 1.896010 1.902303
1.843831 1.904071 1.914991
1.874596 1.926724 1.943462
1.901969 1.946392 1.957701
1.926530 1.977230 1.987453
1.945073 1.995374 2.025011
1.977200 2.034821 2.046332
1.984320 2.041310 2.091494
2.018346 2.074738 2.130777
2.039089 2.105685 2.121422
2.064204 2.120693 2.195798
2.102535 2.152620 2.182453
2.146285 2.190961 2.273340
2.203232 2.255051 2.256317
2.278477 2.328343 2.385719
2.410716 2.409124 2.528068
2.567115 2.541108 2.506670
2.644092 2.735242 2.822599
2.644092 2.735242 2.822599
2.644092 2.735242 2.822599
];
