C = [
-4.598187 -5.144928 -4.794481
-3.809552 -4.346194 -4.128049
-3.603896 -4.049763 -3.811535
-3.391090 -3.750991 -3.460550
-3.125840 -3.563635 -3.306648
-2.899025 -3.384938 -3.161500
-2.804709 -3.297142 -3.105986
-2.712146 -3.221272 -3.019984
-2.622123 -3.117538 -2.927749
-2.556248 -3.004584 -2.822767
-2.495698 -2.888255 -2.729223
-2.448087 -2.793806 -2.630846
-2.399370 -2.706835 -2.534158
-2.357322 -2.624167 -2.432936
-2.308036 -2.548454 -2.346414
-2.266217 -2.473532 -2.268026
-2.218289 -2.418075 -2.208925
-2.179262 -2.380122 -2.171660
-2.126586 -2.343309 -2.141873
-2.064310 -2.303711 -2.102175
-1.995379 -2.259706 -2.072539
-1.938877 -2.212707 -2.036572
-1.893829 -2.178185 -2.003379
-1.860727 -2.142460 -1.968601
-1.823618 -2.109373 -1.936895
-1.783064 -2.070381 -1.901173
-1.743539 -2.027551 -1.858278
-1.705521 -1.986618 -1.821323
-1.675177 -1.952946 -1.782344
-1.643016 -1.914708 -1.744295
-1.606887 -1.870300 -1.711962
-1.571287 -1.836848 -1.685971
-1.540107 -1.803077 -1.650175
-1.514952 -1.771065 -1.624476
-1.489401 -1.734908 -1.599778
-1.468399 -1.710098 -1.570062
-1.442206 -1.674205 -1.543504
-1.426913 -1.641949 -1.510424
-1.408921 -1.619288 -1.481813
-1.383717 -1.597263 -1.453319
-1.368665 -1.575313 -1.430733
-1.352620 -1.555871 -1.400294
-1.336893 -1.528160 -1.374974
-1.326095 -1.498424 -1.351806
-1.299503 -1.469332 -1.319783
-1.281987 -1.451026 -1.300120
-1.265210 -1.424736 -1.274312
-1.243221 -1.403866 -1.253214
-1.228218 -1.382731 -1.230217
-1.211799 -1.346250 -1.214328
-1.193925 -1.322798 -1.188512
-1.180138 -1.311564 -1.189305
-1.165419 -1.285254 -1.165594
-1.149318 -1.270600 -1.146207
-1.126899 -1.251997 -1.130953
-1.113374 -1.223296 -1.116452
-1.097683 -1.197894 -1.091746
-1.082520 -1.178173 -1.076447
-1.059198 -1.157333 -1.062453
-1.042799 -1.130654 -1.056750
-1.016904 -1.117766 -1.042289
-0.995362 -1.104177 -1.024483
-0.963135 -1.097177 -1.021604
-0.950195 -1.095903 -1.004969
-0.943279 -1.096330 -0.991221
-0.923795 -1.078191 -0.979601
-0.910711 -1.063995 -0.970498
-0.900614 -1.048256 -0.956884
-0.893763 -1.033570 -0.939132
-0.897072 -1.013494 -0.926148
-0.882400 -0.990863 -0.898235
-0.880591 -0.973185 -0.888433
-0.858974 -0.952611 -0.873440
-0.849728 -0.932303 -0.851088
-0.856734 -0.914518 -0.836956
-0.845942 -0.896322 -0.821329
-0.830865 -0.875848 -0.803032
-0.810943 -0.859382 -0.784908
-0.794875 -0.838473 -0.769264
-0.774793 -0.818721 -0.761969
-0.751832 -0.800705 -0.741534
-0.729843 -0.778135 -0.723634
-0.713412 -0.758922 -0.715865
-0.685121 -0.738919 -0.694466
-0.669808 -0.721594 -0.683174
-0.653624 -0.702673 -0.667419
-0.635392 -0.683469 -0.649824
-0.609536 -0.666476 -0.635869
-0.593435 -0.646950 -0.624570
-0.577726 -0.630499 -0.607889
-0.557298 -0.608489 -0.591488
-0.537987 -0.592866 -0.577117
-0.523151 -0.574256 -0.558201
-0.502235 -0.562104 -0.533128
-0.484651 -0.551687 -0.519071
-0.473758 -0.527636 -0.507780
-0.462550 -0.511702 -0.491796
-0.451034 -0.492341 -0.476548
-0.439807 -0.471453 -0.453226
-0.425886 -0.449119 -0.433574
-0.412496 -0.432089 -0.420988
-0.398507 -0.415278 -0.404278
-0.385267 -0.396299 -0.385032
-0.365405 -0.376716 -0.358914
-0.354354 -0.360880 -0.338064
-0.342361 -0.345852 -0.324654
-0.325583 -0.327814 -0.310409
-0.313034 -0.309272 -0.292587
-0.290558 -0.290521 -0.276173
-0.277467 -0.277649 -0.254374
-0.255672 -0.259955 -0.241629
-0.240845 -0.247698 -0.221337
-0.231644 -0.230805 -0.209440
-0.209259 -0.212738 -0.186991
-0.197274 -0.196874 -0.171794
-0.179434 -0.180891 -0.159105
-0.165633 -0.169239 -0.141512
-0.150317 -0.156084 -0.130855
-0.140823 -0.142158 -0.116676
-0.122504 -0.126465 -0.105020
-0.109120 -0.114450 -0.087497
-0.098339 -0.095859 -0.076400
-0.077289 -0.082857 -0.067328
-0.067714 -0.070094 -0.054218
-0.051819 -0.055134 -0.045880
-0.043660 -0.042974 -0.035876
-0.027141 -0.028531 -0.023651
-0.018809 -0.018761 -0.010709
0.000000 0.000000 0.000000
0.009750 0.013904 0.013026
0.025661 0.027881 0.027482
0.031969 0.037946 0.034627
0.047640 0.051627 0.047232
0.059668 0.063714 0.061973
0.072753 0.077626 0.077652
0.085942 0.087852 0.088729
0.099190 0.101193 0.103028
0.110009 0.112108 0.115658
0.119621 0.120513 0.130008
0.130502 0.136312 0.139729
0.140838 0.151217 0.153365
0.154976 0.166585 0.169609
0.164667 0.180156 0.184219
0.174279 0.195601 0.204085
0.190268 0.211394 0.218762
0.200592 0.229814 0.233169
0.211957 0.244879 0.248902
0.226979 0.258933 0.263879
0.239817 0.273013 0.283710
0.247784 0.289388 0.296801
0.264869 0.302975 0.314341
0.279695 0.317249 0.328075
0.294056 0.330281 0.343505
0.314169 0.349299 0.352989
0.329249 0.362852 0.370283
0.344915 0.380509 0.385031
0.364579 0.392044 0.401626
0.381766 0.407734 0.412303
0.399009 0.423149 0.422369
0.414086 0.435705 0.444791
0.430554 0.452780 0.457972
0.448591 0.468783 0.472401
0.467223 0.484759 0.487249
0.478783 0.500732 0.502704
0.495215 0.512096 0.516346
0.508125 0.528675 0.531697
0.520338 0.544902 0.544925
0.532474 0.559113 0.561214
0.547396 0.578036 0.580237
0.562259 0.593438 0.593541
0.575170 0.611728 0.611166
0.589514 0.630134 0.622706
0.602800 0.647976 0.640676
0.622454 0.668879 0.662378
0.638131 0.688490 0.673903
0.654782 0.711581 0.684915
0.673451 0.735084 0.707712
0.696546 0.744990 0.722153
0.716769 0.751954 0.735686
0.736233 0.759987 0.749070
0.750708 0.766479 0.764373
0.764992 0.771418 0.781508
0.780143 0.784975 0.795777
0.786231 0.794531 0.808660
0.798916 0.808660 0.816845
0.816376 0.822684 0.839894
0.825308 0.837159 0.851513
0.842120 0.854076 0.867117
0.853844 0.870455 0.885571
0.865909 0.883986 0.899659
0.881387 0.898401 0.911066
0.899186 0.912297 0.926912
0.910890 0.928038 0.940847
0.925747 0.943056 0.961802
0.937004 0.961435 0.974451
0.953557 0.979490 0.992956
0.962525 0.997631 1.003070
0.979753 1.014975 1.019603
0.996719 1.034825 1.035932
1.017477 1.049394 1.051372
1.029404 1.070458 1.065381
1.051771 1.092757 1.080620
1.069582 1.112777 1.096199
1.092953 1.128757 1.106317
1.110415 1.141397 1.116560
1.124232 1.162852 1.131368
1.141707 1.174505 1.147278
1.153526 1.189113 1.164829
1.157337 1.199743 1.173310
1.177970 1.209702 1.190317
1.190918 1.221539 1.201903
1.204622 1.234114 1.215754
1.219565 1.243755 1.225438
1.241024 1.257393 1.239096
1.255283 1.278669 1.252279
1.272004 1.294214 1.271663
1.281541 1.310989 1.283479
1.306153 1.327725 1.290439
1.318947 1.342398 1.299312
1.336803 1.358674 1.302003
1.352476 1.377979 1.324199
1.367952 1.395580 1.342299
1.382659 1.414015 1.349007
1.408904 1.426774 1.357411
1.426279 1.443637 1.368265
1.431584 1.457727 1.376229
1.443155 1.472910 1.402844
1.455197 1.488001 1.417776
1.465775 1.503599 1.426516
1.488074 1.513196 1.445046
1.500778 1.530133 1.456773
1.517616 1.546202 1.468376
1.536262 1.560915 1.497514
1.549213 1.574176 1.511737
1.565870 1.585342 1.520337
1.583025 1.607296 1.543910
1.593819 1.621420 1.563811
1.610993 1.628577 1.579506
1.631177 1.646437 1.602612
1.651876 1.663471 1.613267
1.672897 1.682817 1.639950
1.687593 1.702431 1.665551
1.714547 1.730010 1.680509
1.723869 1.738309 1.718565
1.749704 1.765110 1.748071
1.768327 1.790283 1.741183
1.789063 1.805913 1.799222
1.820597 1.828698 1.788102
1.853030 1.866003 1.866790
1.893622 1.912092 1.859570
1.950262 1.970272 1.953644
2.048867 2.036756 2.067247
2.167440 2.138716 2.073437
2.227964 2.289865 2.289983
2.227964 2.289865 2.289983
2.227964 2.289865 2.289983
];
